9784306011557
9784041037775
9784107720498
9784862802972
9784403542299
9784334038540
9784893086419
9784765502436
9784757101739
9784065266052
9784334751357
9784861864834
9784838793808
9784434320927
9784911229019
9784537209754
9784808310455
9784052039843
9784760892518
9784065337615
9784914974466
9784122066045
9784146462489
9784480323095
9784864570145
9784065166871
9784040663418
9784583115863
9784040641515
9784575665994
9784873763934
9784121502230
9784865650761
9784053021885
9784584132463
9784404038241
9784891999247
9784062901147
9784787814562
9784047274556
9784906828487
9784091921505
9784800003027
9784046816917
9784575244076
9784763141347
9784065168530
9784103330622
9784307102025
9784762822452
9784627552913
9784405102637
9784799317556
9784863992498
9784812474778
9784391148275
9784040722566
9784754720001
9784561263814
9784091434067
9784757581180
9784496050992
9784805432266
9784764823754
9784501840105
9784864683142
9784251070029
9784781695136
9784091030658
9784575452488
9784048654593
9784760123889
9784046518279
9784052054204
9784883998296
9784621084458
9784534044815
9784532353094
9784094803198
9784140113363
9784088767956
9784299057587
9784197105212
9784539727249
9784416623770
9784822246693
9784401024476
9784839949327
9784582945775
9784093965385
9784253204026
9784815430139
9784408602837
9784886162250
9784327401382
9784056053685
9784144071492
9784777511747
9784053050274
9784892055928
9784844936060
9784579073474
9784054061330
9784047344471
9784537257717
9784491029009
9784062922685
9784502057809
9784907239046
9784056107180
9784821162192
9784569784472
9784770900623
9784801950405
9784783823414
9784864810937
9784882025603
9784469213058
9784872182804
9784872688597
9784398298249
9784494009817
9784569701608
9784150118389
9784380032165
9784502196102
9784883198979
9784053054661
9784877833107
9784049144598
9784344422681
9784874513125
9784864290227
9784775529676
9784528015906
9784040646145
9784534040282
9784571420504
9784533084652
9784537255560
9784323070568
9784426610555
9784577802892
9784065160985
9784046808684
9784596610935
9784910710044
9784802831352
9784818597150
9784883816804
9784775313923
9784774728520
9784815441166
9784152095565
9784163906010
9784821181155
9784253204859
9784542182172
9784396344696
9784775402283
9784088767116
9784380082214
9784023333260
9784899771753
9784107712790
9784830950841
9784022650597
9784821174676
9784065177716
9784062812481
9784861520259
9784865650587
9784575840568
9784398932112
9784862236821
9784274222382
9784005004485
9784623037094
9784309032054
9784872574098
9784041128176
9784798030074
9784334752415
9784592162100
9784092551022
9784798144177
9784793126727
9784798063539
9784566002050
9784091236524
9784562038800
9784401363315
9784323041438
9784048651691
9784887308947
9784860812744
9784098250066
9784801974630
9784087827095
9784491019796
9784575753219
9784596513618
9784804764153
9784798120669
9784056067156
9784087458855
9784862630438
9784847148323
9784872111002
9784828863122
9784188615188
9784901998192
9784776795483
9784396335441
9784575750690
9784297105778
9784884162689
9784787817723
9784286108117
9784502961809
9784255006963
9784091353245
9784776211501
9784063861235
9784797354096
9784098507245
9784883251537
9784897752778
9784897610184
9784023319646
9784046811554
9784087040029
9784010332719
9784299047793
9784296114795
9784391643701
9784788945517
9784860130077
9784040650258
9784596523167
9784798016535
9784041134344
9784822210939
9784846532390
9784863587274
9784753926398
9784091370211
9784344028340
9784798623962
9784094066395
9784163726601
9784331059074
9784309276724
9784061598348
9784579404988
9784491033822
9784398247155
9784532353117
9784910595085
9784074197408
9784829616031
9784286121574
9784881665213
9784780405545
9784864171212
9784896344455
9784502419317
9784140813645
9784309709642
9784088804323
9784000256582
9784101123165
9784560094532
9784588250422
9784539728567
9784801400139
9784831863966
9784588321283
9784766425253
9784652205143
9784883817085
9784040677316
9784591107744
9784750336510
9784758102513
9784623093373
9784596322906
9784904826690
9784487799640
9784774149547
9784495646011
9784393447246
9784065285350
9784479011699
9784188435106
9784047287402
9784575512564
9784635926577
9784840234276
9784761532628
9784087212617
9784199508516
9784797394238
9784901769747
9784122042629
9784840305310
9784405103993
9784569630489
9784896941616
9784537208573
9784091281425
9784048916813
9784773019117
9784344824157
9784121022844
9784788011175
9784780312485
9784812497616
9784756914200
9784906828746
9784532318888
9784787234490
9784785924874
9784502421402
9784088927060
9784046821980
9784325242482
9784831874405
9784774518480
9784791774067
9784815610463
9784835452593
9784335760181
9784893467881
9784480511744
9784569662091
9784041042205
9784522429129
9784062753494
9784142230396
9784805436042
9784623096770
9784820759690
9784653038917
9784320053236
9784496044892
9784777100453
9784906828494
9784593593699
9784286035925
9784040693729
9784339018776
9784418085279
9784905194484
9784575164282
9784408018492
9784778203092
9784041146811
9784837927679
9784811385341
9784838720408
9784041078051
9784334738655
9784797681253
9784086313254
9784822268770
9784040730288
9784334746322
9784594094249
9784010214275
9784877867836
9784904485002
9784000287654
9784532605063
9784478090688
9784805826003
9784596951663
9784313165410
9784054035522
9784065312292
9784832242708
9784303730918
9784101239163
9784767907093
9784088902432
9784106036026
9784594048587
9784502268700
9784309018959
9784286067513
9784750319407
9784541040183
9784063859515
9784065204122
9784775400630
9784041027424
9784533055126
9784007306471
9784798184999
9784041210222
9784320034006
9784780305562
9784022775085
9784840453899
9784253282260
9784886212627
9784834261998
9784052041129
9784625424090
9784065342022
9784251002440
9784787708359
9784058008607
9784010710883
9784198640897
9784534051257
9784491041063
9784906182381
9784408536446
9784540072475
9784863135000
9784042560746
9784762822018
9784800400284
9784062817271
9784344015074
9784757537811
9784837665243
9784093794145
9784046529695
9784575476279
9784473021564
9784487804863
9784041127384
9784560024614
9784524247653
9784863892415
9784095043548
9784098704088
9784623044436
9784782903254
9784049154672
9784864700016
9784863991934
9784781406954
9784088742809
9784815810207
9784323050669
9784048968461
9784384039627
9784885365935
9784303634384
9784894235397
9784253133067
9784102193419
9784864422000
9784299013613
9784813601906
9784033503202
9784866574783
9784838704170
9784434191671
9784779302480
9784486018551
9784880655291
9784334785727
9784052027895
9784862493675
9784863290389
9784526065750
9784894289123
9784253306744
9784798125459
9784867091425
9784781686257
9784812447543
9784575728200
9784883257102
9784529040624
9784047101166
9784492654668
9784058010440
9784794606488
9784591049341
9784091276797
9784838782307
9784862802712
9784896371963
9784794925862
9784788510289
9784270003459
9784130430517
9784167801069
9784408650005
9784265028504
9784893968289
9784753311910
9784875862970
9784480510617
9784286071749
9784274209512
9784865281217
9784040742427
9784847028526
9784888883955
9784035126003
9784750352480
9784529063043
9784866808000
9784847070846
9784864422079
9784344027114
9784313653702
9784305600622
9784062902458
9784275010483
9784160088474
9784860994099
9784813605553
9784253275620
9784087806212
9784337450394
9784846020507
9784532198367
9784907108205
9784063829273
9784798120263
9784334777340
9784048995313
9784780413311
9784642063821
9784882025276
9784865810004
9784088456782
9784260122535
9784063725124
9784532134532
9784062625531
9784401030873
9784416921463
9784262165356
9784061486577
9784072583203
9784003121412
9784309709925
9784591140086
9784405101296
9784484085548
9784863320208
9784798063546
9784540111907
9784794606211
9784091523693
9784056103380
9784063788693
9784794605054
9784046056245
9784636160079
9784778032487
9784776207566
9784087821994
9784860033743
9784396326760
9784781404950
9784088777894
9784870316546
9784046006899
9784815437558
9784834272949
9784344972711
9784820801825
9784040738994
9784478520031
9784592197874
9784102402115
9784759919691
9784088551777
9784537136630
9784425870219
9784065365427
9784880083940
9784806916734
9784781013244
9784101134895
9784098628438
9784378015569
9784072892886
9784307070966
9784339067415
9784253206112
9784577811627
9784499229975
9784777051236
9784806805137
9784338255042
9784434314018
9784861108655
9784053044419
9784032371703
9784812487082
9784765008440
9784830110214
9784426118907
9784837663126
9784065285909
9784398297204
9784800223722
9784780414240
9784788972575
9784759242263
9784798041759
9784492557297
9784408592732
9784764823228
9784062855099
9784780905274
9784774153230
9784860329181
9784065165034
9784620907352
9784783899037
9784591115268
9784062830812
9784053056269
9784474056282
9784777809363
9784265831517
9784830613494
9784413232555
9784592195665
9784344997080
9784062756259
9784063707007
9784592215738
9784816353239
9784592145240
9784088900292
9784804613499
9784891748371
9784398244581
9784063605945
9784862493699
9784091205391
9784757422407
9784866161419
9784910522050
9784594060855
9784092967243
9784768313879
9784832283695
9784087927757
9784103750154
9784307301367
9784762406577
9784781208701
9784772419321
9784418111275
9784867820209
9784151832017
9784526064432
9784844998914
9784594613419
9784325245605
9784780303728
9784760142248
9784479304319
9784798045146
9784591139332
9784900997332
9784065164242
9784886836014
9784048742412
9784796669429
9784798044958
9784307430388
9784334765194
9784532112936
9784532403089
9784762826627
9784584308622
9784778322137
9784434207785
9784774722719
9784894513563
9784816709531
9784044520021
9784881773888
9784797672510
9784793112454
9784063774580
9784091591319
9784053028464
9784087718508
9784781702261
9784101160818
9784088802763
9784760897940
9784524255597
9784062197144
9784416718186
9784624111632
9784861080494
9784091878090
9784860373207
9784576131252
9784847093760
9784537213645
9784041024805
9784088458533
9784757575165
9784396210298
9784821165100
9784802614818
9784842601298
9784022722256
9784584365700
9784766731354
9784309228273
9784047305885
9784575831061
9784331515204
9784093876179
9784472014758
9784142231645
9784837921585
9784774178295
9784065290903
9784794997647
9784502231100
9784774150994
9784766121247
9784087718058
9784772417761
9784254161366
9784797356601
9784488251055
9784342742842
9784583614762
9784805824597
9784862802804
9784894909212
9784829643914
9784004310952
9784041084557
9784622096696
9784163277806
9784322115086
9784267023651
9784840692465
9784091894786
